1707420868434
1707420868648
1707420868866
1707420869132
1707420869376
1707420869594
1707420869787
1707420870007
1707420870328
1707420870561
1707420870774
1707420870985
1707420871227
1707420871463
1707420871668
1707420871888
1707420872148
1707420872424
1707420872629
1707420872832
1707420873051
1707420873301
1707420873582
1707420873781
1707420873969
1707420874175
1707420874371
1707420874618
1707420874798
1707420874990
1707420875249
1707420875518
1707420875713
1707420875931
1707420876125
1707420876323
1707420876516
1707420876727
1707420876939
1707420877179
1707420877393
1707420877639
1707420877812
1707420877987
1707420878210
1707420878441
1707420878640
1707420878872
1707420879091
1707420879333
1707420879613
1707420879809
1707420880033
1707420880304
1707420880506
1707420880687
