1707418587585
1707418587788
1707418588012
1707418588258
1707418588518
1707418588739
1707418588966
1707418589219
1707418589476
1707418589773
1707418589979
1707418590207
1707418590470
1707418590688
1707418590897
1707418591116
1707418591355
1707418591607
1707418591807
1707418592049
1707418592281
1707418592516
1707418592817
1707418593066
1707418593289
1707418593587
1707418593773
1707418593976
1707418594208
1707418594573
1707418594817
1707418595016
1707418595307
1707418595550
1707418595743
1707418595934
1707418596161
1707418596399
1707418596687
1707418596919
1707418597239
1707418597475
1707418597698
1707418597932
1707418598216
1707418598427
1707418598719
1707418598921
1707418599141
1707418599388
1707418599627
1707418599839
1707418600055
1707418600271
1707418600569
1707418600765
